[double3(25.865840000000,0.000000000000,0.000000000000),double3(0.000000000000,25.865840000000,0.000000000000),double3(0.000000000000,0.000000000000,25.865840000000)]

double3(0.293367000000,0.293367000000,0.206633000000),
double3(0.706633000000,0.706633000000,0.793367000000),
double3(0.706633000000,0.706633000000,0.206633000000),
double3(0.293367000000,0.293367000000,0.793367000000),
double3(0.706633000000,0.293367000000,0.793367000000),
double3(0.293367000000,0.706633000000,0.206633000000),
double3(0.293367000000,0.706633000000,0.793367000000),
double3(0.706633000000,0.293367000000,0.206633000000),
double3(0.206633000000,0.293367000000,0.293367000000),
double3(0.793367000000,0.706633000000,0.706633000000),
double3(0.206633000000,0.706633000000,0.706633000000),
double3(0.793367000000,0.293367000000,0.293367000000),
double3(0.793367000000,0.706633000000,0.293367000000),
double3(0.206633000000,0.293367000000,0.706633000000),
double3(0.793367000000,0.293367000000,0.706633000000),
double3(0.206633000000,0.706633000000,0.293367000000),
double3(0.293367000000,0.206633000000,0.293367000000),
double3(0.706633000000,0.793367000000,0.706633000000),
double3(0.706633000000,0.206633000000,0.706633000000),
double3(0.293367000000,0.793367000000,0.293367000000),
double3(0.293367000000,0.793367000000,0.706633000000),
double3(0.706633000000,0.206633000000,0.293367000000),
double3(0.706633000000,0.793367000000,0.293367000000),
double3(0.293367000000,0.206633000000,0.706633000000),
double3(0.206633000000,0.793367000000,0.793367000000),
double3(0.793367000000,0.206633000000,0.206633000000),
double3(0.206633000000,0.206633000000,0.206633000000),
double3(0.793367000000,0.793367000000,0.793367000000),
double3(0.793367000000,0.206633000000,0.793367000000),
double3(0.206633000000,0.793367000000,0.206633000000),
double3(0.793367000000,0.793367000000,0.206633000000),
double3(0.206633000000,0.206633000000,0.793367000000),
double3(0.250000000000,0.250000000000,0.250000000000),
double3(0.750000000000,0.750000000000,0.750000000000),
double3(0.750000000000,0.750000000000,0.250000000000),
double3(0.250000000000,0.250000000000,0.750000000000),
double3(0.750000000000,0.250000000000,0.750000000000),
double3(0.250000000000,0.750000000000,0.250000000000),
double3(0.250000000000,0.750000000000,0.750000000000),
double3(0.750000000000,0.250000000000,0.250000000000),
double3(0.281042000000,0.366348000000,0.218958000000),
double3(0.718958000000,0.633652000000,0.781042000000),
double3(0.718958000000,0.633652000000,0.218958000000),
double3(0.281042000000,0.366348000000,0.781042000000),
double3(0.718958000000,0.366348000000,0.781042000000),
double3(0.281042000000,0.633652000000,0.218958000000),
double3(0.281042000000,0.633652000000,0.781042000000),
double3(0.718958000000,0.366348000000,0.218958000000),
double3(0.218958000000,0.281042000000,0.366348000000),
double3(0.781042000000,0.718958000000,0.633652000000),
double3(0.218958000000,0.718958000000,0.633652000000),
double3(0.781042000000,0.281042000000,0.366348000000),
double3(0.781042000000,0.718958000000,0.366348000000),
double3(0.218958000000,0.281042000000,0.633652000000),
double3(0.781042000000,0.281042000000,0.633652000000),
double3(0.218958000000,0.718958000000,0.366348000000),
double3(0.366348000000,0.218958000000,0.281042000000),
double3(0.633652000000,0.781042000000,0.718958000000),
double3(0.633652000000,0.218958000000,0.718958000000),
double3(0.366348000000,0.781042000000,0.281042000000),
double3(0.366348000000,0.781042000000,0.718958000000),
double3(0.633652000000,0.218958000000,0.281042000000),
double3(0.633652000000,0.781042000000,0.281042000000),
double3(0.366348000000,0.218958000000,0.718958000000),
double3(0.366348000000,0.281042000000,0.781042000000),
double3(0.633652000000,0.718958000000,0.218958000000),
double3(0.633652000000,0.718958000000,0.781042000000),
double3(0.366348000000,0.281042000000,0.218958000000),
double3(0.366348000000,0.718958000000,0.218958000000),
double3(0.633652000000,0.281042000000,0.781042000000),
double3(0.633652000000,0.281042000000,0.218958000000),
double3(0.366348000000,0.718958000000,0.781042000000),
double3(0.281042000000,0.218958000000,0.633652000000),
double3(0.718958000000,0.781042000000,0.366348000000),
double3(0.718958000000,0.218958000000,0.366348000000),
double3(0.281042000000,0.781042000000,0.633652000000),
double3(0.718958000000,0.781042000000,0.633652000000),
double3(0.281042000000,0.218958000000,0.366348000000),
double3(0.281042000000,0.781042000000,0.366348000000),
double3(0.718958000000,0.218958000000,0.633652000000),
double3(0.218958000000,0.366348000000,0.718958000000),
double3(0.781042000000,0.633652000000,0.281042000000),
double3(0.218958000000,0.633652000000,0.281042000000),
double3(0.781042000000,0.366348000000,0.718958000000),
double3(0.781042000000,0.366348000000,0.281042000000),
double3(0.218958000000,0.633652000000,0.718958000000),
double3(0.781042000000,0.633652000000,0.718958000000),
double3(0.218958000000,0.366348000000,0.281042000000),
double3(0.281042000000,0.866348000000,0.718958000000),
double3(0.718958000000,0.133652000000,0.281042000000),
double3(0.718958000000,0.133652000000,0.718958000000),
double3(0.281042000000,0.866348000000,0.281042000000),
double3(0.718958000000,0.866348000000,0.281042000000),
double3(0.281042000000,0.133652000000,0.718958000000),
double3(0.281042000000,0.133652000000,0.281042000000),
double3(0.718958000000,0.866348000000,0.718958000000),
double3(0.218958000000,0.781042000000,0.866348000000),
double3(0.781042000000,0.218958000000,0.133652000000),
double3(0.218958000000,0.218958000000,0.133652000000),
double3(0.781042000000,0.781042000000,0.866348000000),
double3(0.781042000000,0.218958000000,0.866348000000),
double3(0.218958000000,0.781042000000,0.133652000000),
double3(0.781042000000,0.781042000000,0.133652000000),
double3(0.218958000000,0.218958000000,0.866348000000),
double3(0.281042000000,0.718958000000,0.133652000000),
double3(0.718958000000,0.281042000000,0.866348000000),
double3(0.718958000000,0.718958000000,0.866348000000),
double3(0.281042000000,0.281042000000,0.133652000000),
double3(0.718958000000,0.281042000000,0.133652000000),
double3(0.281042000000,0.718958000000,0.866348000000),
double3(0.281042000000,0.281042000000,0.866348000000),
double3(0.718958000000,0.718958000000,0.133652000000),
double3(0.218958000000,0.866348000000,0.218958000000),
double3(0.781042000000,0.133652000000,0.781042000000),
double3(0.218958000000,0.133652000000,0.781042000000),
double3(0.781042000000,0.866348000000,0.218958000000),
double3(0.781042000000,0.866348000000,0.781042000000),
double3(0.218958000000,0.133652000000,0.218958000000),
double3(0.781042000000,0.133652000000,0.218958000000),
double3(0.218958000000,0.866348000000,0.781042000000),
double3(0.866348000000,0.218958000000,0.781042000000),
double3(0.133652000000,0.781042000000,0.218958000000),
double3(0.133652000000,0.218958000000,0.218958000000),
double3(0.866348000000,0.781042000000,0.781042000000),
double3(0.866348000000,0.781042000000,0.218958000000),
double3(0.133652000000,0.218958000000,0.781042000000),
double3(0.133652000000,0.781042000000,0.781042000000),
double3(0.866348000000,0.218958000000,0.218958000000),
double3(0.866348000000,0.281042000000,0.281042000000),
double3(0.133652000000,0.718958000000,0.718958000000),
double3(0.133652000000,0.718958000000,0.281042000000),
double3(0.866348000000,0.281042000000,0.718958000000),
double3(0.866348000000,0.718958000000,0.718958000000),
double3(0.133652000000,0.281042000000,0.281042000000),
double3(0.133652000000,0.281042000000,0.718958000000),
double3(0.866348000000,0.718958000000,0.281042000000),
double3(0.250000000000,0.388617000000,0.250000000000),
double3(0.750000000000,0.611383000000,0.750000000000),
double3(0.750000000000,0.611383000000,0.250000000000),
double3(0.250000000000,0.388617000000,0.750000000000),
double3(0.750000000000,0.388617000000,0.750000000000),
double3(0.250000000000,0.611383000000,0.250000000000),
double3(0.250000000000,0.611383000000,0.750000000000),
double3(0.750000000000,0.388617000000,0.250000000000),
double3(0.250000000000,0.250000000000,0.388617000000),
double3(0.750000000000,0.750000000000,0.611383000000),
double3(0.250000000000,0.750000000000,0.611383000000),
double3(0.750000000000,0.250000000000,0.388617000000),
double3(0.750000000000,0.750000000000,0.388617000000),
double3(0.250000000000,0.250000000000,0.611383000000),
double3(0.750000000000,0.250000000000,0.611383000000),
double3(0.250000000000,0.750000000000,0.388617000000),
double3(0.388617000000,0.250000000000,0.250000000000),
double3(0.611383000000,0.750000000000,0.750000000000),
double3(0.611383000000,0.250000000000,0.750000000000),
double3(0.388617000000,0.750000000000,0.250000000000),
double3(0.388617000000,0.750000000000,0.750000000000),
double3(0.611383000000,0.250000000000,0.250000000000),
double3(0.611383000000,0.750000000000,0.250000000000),
double3(0.388617000000,0.250000000000,0.750000000000),
double3(0.250000000000,0.888617000000,0.750000000000),
double3(0.750000000000,0.111383000000,0.250000000000),
double3(0.750000000000,0.111383000000,0.750000000000),
double3(0.250000000000,0.888617000000,0.250000000000),
double3(0.750000000000,0.888617000000,0.250000000000),
double3(0.250000000000,0.111383000000,0.750000000000),
double3(0.250000000000,0.111383000000,0.250000000000),
double3(0.750000000000,0.888617000000,0.750000000000),
double3(0.250000000000,0.750000000000,0.888617000000),
double3(0.750000000000,0.250000000000,0.111383000000),
double3(0.250000000000,0.250000000000,0.111383000000),
double3(0.750000000000,0.750000000000,0.888617000000),
double3(0.750000000000,0.250000000000,0.888617000000),
double3(0.250000000000,0.750000000000,0.111383000000),
double3(0.750000000000,0.750000000000,0.111383000000),
double3(0.250000000000,0.250000000000,0.888617000000),
double3(0.888617000000,0.250000000000,0.750000000000),
double3(0.111383000000,0.750000000000,0.250000000000),
double3(0.111383000000,0.250000000000,0.250000000000),
double3(0.888617000000,0.750000000000,0.750000000000),
double3(0.888617000000,0.750000000000,0.250000000000),
double3(0.111383000000,0.250000000000,0.750000000000),
double3(0.111383000000,0.750000000000,0.750000000000),
double3(0.888617000000,0.250000000000,0.250000000000),
double3(0.250000000000,0.446192000000,0.250000000000),
double3(0.750000000000,0.553808000000,0.750000000000),
double3(0.750000000000,0.553808000000,0.250000000000),
double3(0.250000000000,0.446192000000,0.750000000000),
double3(0.750000000000,0.446192000000,0.750000000000),
double3(0.250000000000,0.553808000000,0.250000000000),
double3(0.250000000000,0.553808000000,0.750000000000),
double3(0.750000000000,0.446192000000,0.250000000000),
double3(0.250000000000,0.250000000000,0.446192000000),
double3(0.750000000000,0.750000000000,0.553808000000),
double3(0.250000000000,0.750000000000,0.553808000000),
double3(0.750000000000,0.250000000000,0.446192000000),
double3(0.750000000000,0.750000000000,0.446192000000),
double3(0.250000000000,0.250000000000,0.553808000000),
double3(0.750000000000,0.250000000000,0.553808000000),
double3(0.250000000000,0.750000000000,0.446192000000),
double3(0.446192000000,0.250000000000,0.250000000000),
double3(0.553808000000,0.750000000000,0.750000000000),
double3(0.553808000000,0.250000000000,0.750000000000),
double3(0.446192000000,0.750000000000,0.250000000000),
double3(0.446192000000,0.750000000000,0.750000000000),
double3(0.553808000000,0.250000000000,0.250000000000),
double3(0.553808000000,0.750000000000,0.250000000000),
double3(0.446192000000,0.250000000000,0.750000000000),
double3(0.250000000000,0.946192000000,0.750000000000),
double3(0.750000000000,0.053808000000,0.250000000000),
double3(0.750000000000,0.053808000000,0.750000000000),
double3(0.250000000000,0.946192000000,0.250000000000),
double3(0.750000000000,0.946192000000,0.250000000000),
double3(0.250000000000,0.053808000000,0.750000000000),
double3(0.250000000000,0.053808000000,0.250000000000),
double3(0.750000000000,0.946192000000,0.750000000000),
double3(0.250000000000,0.750000000000,0.946192000000),
double3(0.750000000000,0.250000000000,0.053808000000),
double3(0.250000000000,0.250000000000,0.053808000000),
double3(0.750000000000,0.750000000000,0.946192000000),
double3(0.750000000000,0.250000000000,0.946192000000),
double3(0.250000000000,0.750000000000,0.053808000000),
double3(0.750000000000,0.750000000000,0.053808000000),
double3(0.250000000000,0.250000000000,0.946192000000),
double3(0.946192000000,0.250000000000,0.750000000000),
double3(0.053808000000,0.750000000000,0.250000000000),
double3(0.053808000000,0.250000000000,0.250000000000),
double3(0.946192000000,0.750000000000,0.750000000000),
double3(0.946192000000,0.750000000000,0.250000000000),
double3(0.053808000000,0.250000000000,0.750000000000),
double3(0.053808000000,0.750000000000,0.750000000000),
double3(0.946192000000,0.250000000000,0.250000000000),
double3(0.283167000000,0.473179000000,0.216833000000),
double3(0.716833000000,0.526821000000,0.783167000000),
double3(0.716833000000,0.526821000000,0.216833000000),
double3(0.283167000000,0.473179000000,0.783167000000),
double3(0.716833000000,0.473179000000,0.783167000000),
double3(0.283167000000,0.526821000000,0.216833000000),
double3(0.283167000000,0.526821000000,0.783167000000),
double3(0.716833000000,0.473179000000,0.216833000000),
double3(0.216833000000,0.283167000000,0.473179000000),
double3(0.783167000000,0.716833000000,0.526821000000),
double3(0.216833000000,0.716833000000,0.526821000000),
double3(0.783167000000,0.283167000000,0.473179000000),
double3(0.783167000000,0.716833000000,0.473179000000),
double3(0.216833000000,0.283167000000,0.526821000000),
double3(0.783167000000,0.283167000000,0.526821000000),
double3(0.216833000000,0.716833000000,0.473179000000),
double3(0.473179000000,0.216833000000,0.283167000000),
double3(0.526821000000,0.783167000000,0.716833000000),
double3(0.526821000000,0.216833000000,0.716833000000),
double3(0.473179000000,0.783167000000,0.283167000000),
double3(0.473179000000,0.783167000000,0.716833000000),
double3(0.526821000000,0.216833000000,0.283167000000),
double3(0.526821000000,0.783167000000,0.283167000000),
double3(0.473179000000,0.216833000000,0.716833000000),
double3(0.473179000000,0.283167000000,0.783167000000),
double3(0.526821000000,0.716833000000,0.216833000000),
double3(0.526821000000,0.716833000000,0.783167000000),
double3(0.473179000000,0.283167000000,0.216833000000),
double3(0.473179000000,0.716833000000,0.216833000000),
double3(0.526821000000,0.283167000000,0.783167000000),
double3(0.526821000000,0.283167000000,0.216833000000),
double3(0.473179000000,0.716833000000,0.783167000000),
double3(0.283167000000,0.216833000000,0.526821000000),
double3(0.716833000000,0.783167000000,0.473179000000),
double3(0.716833000000,0.216833000000,0.473179000000),
double3(0.283167000000,0.783167000000,0.526821000000),
double3(0.716833000000,0.783167000000,0.526821000000),
double3(0.283167000000,0.216833000000,0.473179000000),
double3(0.283167000000,0.783167000000,0.473179000000),
double3(0.716833000000,0.216833000000,0.526821000000),
double3(0.216833000000,0.473179000000,0.716833000000),
double3(0.783167000000,0.526821000000,0.283167000000),
double3(0.216833000000,0.526821000000,0.283167000000),
double3(0.783167000000,0.473179000000,0.716833000000),
double3(0.783167000000,0.473179000000,0.283167000000),
double3(0.216833000000,0.526821000000,0.716833000000),
double3(0.783167000000,0.526821000000,0.716833000000),
double3(0.216833000000,0.473179000000,0.283167000000),
double3(0.283167000000,0.973179000000,0.716833000000),
double3(0.716833000000,0.026821000000,0.283167000000),
double3(0.716833000000,0.026821000000,0.716833000000),
double3(0.283167000000,0.973179000000,0.283167000000),
double3(0.716833000000,0.973179000000,0.283167000000),
double3(0.283167000000,0.026821000000,0.716833000000),
double3(0.283167000000,0.026821000000,0.283167000000),
double3(0.716833000000,0.973179000000,0.716833000000),
double3(0.216833000000,0.783167000000,0.973179000000),
double3(0.783167000000,0.216833000000,0.026821000000),
double3(0.216833000000,0.216833000000,0.026821000000),
double3(0.783167000000,0.783167000000,0.973179000000),
double3(0.783167000000,0.216833000000,0.973179000000),
double3(0.216833000000,0.783167000000,0.026821000000),
double3(0.783167000000,0.783167000000,0.026821000000),
double3(0.216833000000,0.216833000000,0.973179000000),
double3(0.283167000000,0.716833000000,0.026821000000),
double3(0.716833000000,0.283167000000,0.973179000000),
double3(0.716833000000,0.716833000000,0.973179000000),
double3(0.283167000000,0.283167000000,0.026821000000),
double3(0.716833000000,0.283167000000,0.026821000000),
double3(0.283167000000,0.716833000000,0.973179000000),
double3(0.283167000000,0.283167000000,0.973179000000),
double3(0.716833000000,0.716833000000,0.026821000000),
double3(0.216833000000,0.973179000000,0.216833000000),
double3(0.783167000000,0.026821000000,0.783167000000),
double3(0.216833000000,0.026821000000,0.783167000000),
double3(0.783167000000,0.973179000000,0.216833000000),
double3(0.783167000000,0.973179000000,0.783167000000),
double3(0.216833000000,0.026821000000,0.216833000000),
double3(0.783167000000,0.026821000000,0.216833000000),
double3(0.216833000000,0.973179000000,0.783167000000),
double3(0.973179000000,0.216833000000,0.783167000000),
double3(0.026821000000,0.783167000000,0.216833000000),
double3(0.026821000000,0.216833000000,0.216833000000),
double3(0.973179000000,0.783167000000,0.783167000000),
double3(0.973179000000,0.783167000000,0.216833000000),
double3(0.026821000000,0.216833000000,0.783167000000),
double3(0.026821000000,0.783167000000,0.783167000000),
double3(0.973179000000,0.216833000000,0.216833000000),
double3(0.973179000000,0.283167000000,0.283167000000),
double3(0.026821000000,0.716833000000,0.716833000000),
double3(0.026821000000,0.716833000000,0.283167000000),
double3(0.973179000000,0.283167000000,0.716833000000),
double3(0.973179000000,0.716833000000,0.716833000000),
double3(0.026821000000,0.283167000000,0.283167000000),
double3(0.026821000000,0.283167000000,0.716833000000),
double3(0.973179000000,0.716833000000,0.283167000000),
double3(0.308690000000,0.451190000000,0.191310000000),
double3(0.691310000000,0.548810000000,0.808690000000),
double3(0.691310000000,0.548810000000,0.191310000000),
double3(0.308690000000,0.451190000000,0.808690000000),
double3(0.691310000000,0.451190000000,0.808690000000),
double3(0.308690000000,0.548810000000,0.191310000000),
double3(0.308690000000,0.548810000000,0.808690000000),
double3(0.691310000000,0.451190000000,0.191310000000),
double3(0.191310000000,0.308690000000,0.451190000000),
double3(0.808690000000,0.691310000000,0.548810000000),
double3(0.191310000000,0.691310000000,0.548810000000),
double3(0.808690000000,0.308690000000,0.451190000000),
double3(0.808690000000,0.691310000000,0.451190000000),
double3(0.191310000000,0.308690000000,0.548810000000),
double3(0.808690000000,0.308690000000,0.548810000000),
double3(0.191310000000,0.691310000000,0.451190000000),
double3(0.451190000000,0.191310000000,0.308690000000),
double3(0.548810000000,0.808690000000,0.691310000000),
double3(0.548810000000,0.191310000000,0.691310000000),
double3(0.451190000000,0.808690000000,0.308690000000),
double3(0.451190000000,0.808690000000,0.691310000000),
double3(0.548810000000,0.191310000000,0.308690000000),
double3(0.548810000000,0.808690000000,0.308690000000),
double3(0.451190000000,0.191310000000,0.691310000000),
double3(0.451190000000,0.308690000000,0.808690000000),
double3(0.548810000000,0.691310000000,0.191310000000),
double3(0.548810000000,0.691310000000,0.808690000000),
double3(0.451190000000,0.308690000000,0.191310000000),
double3(0.451190000000,0.691310000000,0.191310000000),
double3(0.548810000000,0.308690000000,0.808690000000),
double3(0.548810000000,0.308690000000,0.191310000000),
double3(0.451190000000,0.691310000000,0.808690000000),
double3(0.308690000000,0.191310000000,0.548810000000),
double3(0.691310000000,0.808690000000,0.451190000000),
double3(0.691310000000,0.191310000000,0.451190000000),
double3(0.308690000000,0.808690000000,0.548810000000),
double3(0.691310000000,0.808690000000,0.548810000000),
double3(0.308690000000,0.191310000000,0.451190000000),
double3(0.308690000000,0.808690000000,0.451190000000),
double3(0.691310000000,0.191310000000,0.548810000000),
double3(0.191310000000,0.451190000000,0.691310000000),
double3(0.808690000000,0.548810000000,0.308690000000),
double3(0.191310000000,0.548810000000,0.308690000000),
double3(0.808690000000,0.451190000000,0.691310000000),
double3(0.808690000000,0.451190000000,0.308690000000),
double3(0.191310000000,0.548810000000,0.691310000000),
double3(0.808690000000,0.548810000000,0.691310000000),
double3(0.191310000000,0.451190000000,0.308690000000),
double3(0.308690000000,0.951190000000,0.691310000000),
double3(0.691310000000,0.048810000000,0.308690000000),
double3(0.691310000000,0.048810000000,0.691310000000),
double3(0.308690000000,0.951190000000,0.308690000000),
double3(0.691310000000,0.951190000000,0.308690000000),
double3(0.308690000000,0.048810000000,0.691310000000),
double3(0.308690000000,0.048810000000,0.308690000000),
double3(0.691310000000,0.951190000000,0.691310000000),
double3(0.191310000000,0.808690000000,0.951190000000),
double3(0.808690000000,0.191310000000,0.048810000000),
double3(0.191310000000,0.191310000000,0.048810000000),
double3(0.808690000000,0.808690000000,0.951190000000),
double3(0.808690000000,0.191310000000,0.951190000000),
double3(0.191310000000,0.808690000000,0.048810000000),
double3(0.808690000000,0.808690000000,0.048810000000),
double3(0.191310000000,0.191310000000,0.951190000000),
double3(0.308690000000,0.691310000000,0.048810000000),
double3(0.691310000000,0.308690000000,0.951190000000),
double3(0.691310000000,0.691310000000,0.951190000000),
double3(0.308690000000,0.308690000000,0.048810000000),
double3(0.691310000000,0.308690000000,0.048810000000),
double3(0.308690000000,0.691310000000,0.951190000000),
double3(0.308690000000,0.308690000000,0.951190000000),
double3(0.691310000000,0.691310000000,0.048810000000),
double3(0.191310000000,0.951190000000,0.191310000000),
double3(0.808690000000,0.048810000000,0.808690000000),
double3(0.191310000000,0.048810000000,0.808690000000),
double3(0.808690000000,0.951190000000,0.191310000000),
double3(0.808690000000,0.951190000000,0.808690000000),
double3(0.191310000000,0.048810000000,0.191310000000),
double3(0.808690000000,0.048810000000,0.191310000000),
double3(0.191310000000,0.951190000000,0.808690000000),
double3(0.951190000000,0.191310000000,0.808690000000),
double3(0.048810000000,0.808690000000,0.191310000000),
double3(0.048810000000,0.191310000000,0.191310000000),
double3(0.951190000000,0.808690000000,0.808690000000),
double3(0.951190000000,0.808690000000,0.191310000000),
double3(0.048810000000,0.191310000000,0.808690000000),
double3(0.048810000000,0.808690000000,0.808690000000),
double3(0.951190000000,0.191310000000,0.191310000000),
double3(0.951190000000,0.308690000000,0.308690000000),
double3(0.048810000000,0.691310000000,0.691310000000),
double3(0.048810000000,0.691310000000,0.308690000000),
double3(0.951190000000,0.308690000000,0.691310000000),
double3(0.951190000000,0.691310000000,0.691310000000),
double3(0.048810000000,0.308690000000,0.308690000000),
double3(0.048810000000,0.308690000000,0.691310000000),
double3(0.951190000000,0.691310000000,0.308690000000),
